ID:0
NAME:poopy 12
POSITION:1.000000 0.000000 0.000000
ROTATION:0.000000 0.000000 0.000000 0.000000
VELOCITY:0.000000 0.000000 0.000000
MASS:0.000000
COEF_FRICTION:0.000000
COEF_RESTITUTION:0.000000
ID:1
NAME:poop12321
POSITION:2.000000 0.000000 0.000000
ROTATION:0.000000 0.000000 0.000000 0.000000
VELOCITY:0.000000 0.000000 0.000000
MASS:0.000000
COEF_FRICTION:0.000000
COEF_RESTITUTION:0.000000
ID:2
NAME:poo234545
POSITION:3.000000 0.000000 0.000000
ROTATION:0.000000 0.000000 0.000000 0.000000
VELOCITY:0.000000 0.000000 0.000000
MASS:0.000000
COEF_FRICTION:0.000000
COEF_RESTITUTION:0.000000
