ID:0
POSITION:4.000000 5.000000 6.000000
ROTATION:7.000000 8.000000 9.000000 10.000000
VELOCITY:11.000000 12.000000 13.000000
MASS:1.000000
COEF_FRICTION:2.000000
COEF_RESTITUTION:3.000000
ID:1
POSITION:24.000000 25.000000 26.000000
ROTATION:27.000000 28.000000 29.000000 30.000000
VELOCITY:31.000000 32.000000 33.000000
MASS:21.000000
COEF_FRICTION:22.000000
COEF_RESTITUTION:23.000000
ID:2
POSITION:22344.000000 2535.000000 26.000000
ROTATION:2237.000000 28.000000 29.000000 30.000000
VELOCITY:31.000000 332.000000 33.000000
MASS:213.000000
COEF_FRICTION:22.000000
COEF_RESTITUTION:253.000000
ID:100
POSITION:0.000000 0.000000 0.000000
ROTATION:0.000000 0.000000 0.000000 0.000000
VELOCITY:0.000000 0.000000 0.000000
MASS:0.000000
COEF_FRICTION:100.000000
COEF_RESTITUTION:0.000000
