0.640155, 4.600431, -0.914779
1.174065, 1.414214, 0.669683
-0.226990, -0.226990, -0.947075
0.707107, -0.707107, 0.000000
0.669683, 0.669683, -0.321013
-0.707134, -0.764385, -1.659741
0.901500, 1.480469, -1.049064
1.259979, -0.407792, -1.602202
Passed @ AABB
== Collision!
==========================
0.691017, 0.916196, -0.272801
1.174065, 1.414214, 0.669683
-0.203536, 0.009461, -0.979022
0.822939, -0.540082, -0.176306
0.530420, 0.841559, -0.102140
-1.074822, 2.885454, -1.811730
0.925178, 4.885454, -1.811730
0.925178, 2.885454, -1.811730
Failed @ AABB 2
==========================
0.432262, 3.879058, -0.328274
0.703437, 1.705194, 0.737065
0.509834, 0.703437, -0.495223
0.480965, -0.710359, -0.513870
0.713261, -0.023803, 0.700494
1.260651, -0.400065, -1.603169
-0.705988, -0.759135, -1.661488
0.899667, 1.486587, -1.046181
Failed @ AABB 1
==========================
0.691017, 0.916196, -0.272801
1.174065, 1.414214, 0.669683
-0.203536, 0.009461, -0.979022
0.822939, -0.540082, -0.176306
0.530420, 0.841559, -0.102140
-1.074822, 2.885454, 0.188270
0.925178, 2.885454, -1.811730
0.925178, 2.885454, 0.188270
Failed @ AABB 1
==========================
0.432262, 3.879058, -0.328274
0.703437, 1.705194, 0.737065
0.509834, 0.703437, -0.495223
0.480965, -0.710359, -0.513870
0.713261, -0.023803, 0.700494
-0.662836, -1.318740, 0.261385
1.259979, -0.407792, -1.602202
1.304276, -0.962148, 0.318925
Passed @ AABB
== Collision!
==========================
0.629986, 0.034682, 0.083281
0.703437, 1.705194, 0.737065
0.363226, 0.893326, -0.264643
0.589598, -0.440323, -0.677119
0.721416, -0.089915, 0.686640
-1.074822, 2.885454, 0.188270
0.925178, 2.885454, -1.811730
0.925178, 2.885454, 0.188270
Failed @ AABB 1
Passed all steps.==========================
-0.097144, 3.442485, -0.314517
1.221960, 1.410663, 1.250130
-0.714405, -0.481678, 0.507555
-0.060912, -0.679793, -0.730871
0.697076, -0.553053, 0.456308
-1.065612, 1.123877, -1.106604
-1.021315, 0.569521, 0.814523
0.945798, 0.926114, 0.872063
Passed @ AABB
== Collision!
==========================
-0.058976, 4.385172, -1.306134
1.221130, 1.436122, 1.198583
-0.707613, 0.513517, -0.485370
-0.022284, -0.702785, -0.711053
-0.706249, -0.492334, 0.508743
-1.065612, 1.123877, -1.106604
-1.021315, 0.569521, 0.814523
0.945798, 0.926114, 0.872063
Passed @ AABB
== Collision!
==========================
0.640155, 4.600431, -0.914779
1.174065, 1.414214, 0.669683
-0.226990, -0.226990, -0.947075
0.707107, -0.707107, 0.000000
0.669683, 0.669683, -0.321013
-1.065612, 1.123877, -1.106604
-1.021315, 0.569521, 0.814523
0.945798, 0.926114, 0.872063
Passed @ AABB
== Collision!
==========================
0.640155, 4.600431, -0.914779
1.174065, 1.414214, 0.669683
-0.226990, -0.226990, -0.947075
0.707107, -0.707107, 0.000000
0.669683, 0.669683, -0.321013
-1.065612, 1.123877, -1.106604
-1.021315, 0.569521, 0.814523
0.945798, 0.926114, 0.872063
Passed @ AABB
== Collision!
==========================
0.432262, 3.879058, -0.328274
0.703437, 1.705194, 0.737065
0.509834, 0.703437, -0.495223
0.480965, -0.710359, -0.513870
0.713261, -0.023803, 0.700494
-1.066972, 1.127517, -1.104500
-1.021987, 0.569294, 0.815490
0.944652, 0.928364, 0.873809
Passed @ AABB
== Collision!
==========================
0.432262, 3.879058, -0.328274
0.703437, 1.705194, 0.737065
0.509834, 0.703437, -0.495223
0.480965, -0.710359, -0.513870
0.713261, -0.023803, 0.700494
-1.066972, 1.127517, -1.104500
-1.021987, 0.569294, 0.815490
0.944652, 0.928364, 0.873809
Passed @ AABB
== Collision!
==========================
0.432262, 3.879058, -0.328274
0.703437, 1.705194, 0.737065
0.509834, 0.703437, -0.495223
0.480965, -0.710359, -0.513870
0.713261, -0.023803, 0.700494
-0.662836, -1.318740, 0.261385
-0.707134, -0.764385, -1.659741
1.259979, -0.407792, -1.602202
Failed @ AABB 3
==========================
0.124735, 0.046257, -0.425306
1.308505, 1.112518, 1.373550
-0.108273, 0.768583, 0.630521
0.993855, 0.098357, 0.050771
0.022995, -0.632143, 0.774510
-1.074822, 2.885454, 0.188270
0.925178, 2.885454, -1.811730
0.925178, 2.885454, 0.188270
Failed @ AABB 1
